5.182189941406250000e-01 5.235195403656689450e+01 4.276562500000000000e+01
6.826171875000000000e-01 -4.423489499458810315e+01 2.652343750000000000e+01
7.489929199218750000e-01 6.070793479011626914e+01 4.490625000000000000e+01
7.256469726562500000e-01 2.763297561614308506e+00 5.781250000000000000e-01
5.240173339843750000e-01 4.372487092041410506e+00 3.338281250000000000e+01
8.402709960937500000e-01 1.469936789362691343e+02 4.007812500000000000e+00
8.614807128906250000e-01 -1.137950204793014564e+02 3.458593750000000000e+01
6.715087890625000000e-01 6.719947850797325373e+01 3.597656250000000000e+01
7.474060058593750000e-01 -3.695280611282214522e+00 3.050781250000000000e+01
7.154846191406250000e-01 -3.055953111470444128e+01 1.703125000000000000e+01
7.688903808593750000e-01 3.396895335754379630e+01 5.317968750000000000e+01
6.550903320312500000e-01 3.837817348539829254e+01 2.530468750000000000e+01
7.493591308593750000e-01 -9.392700048920232803e+01 2.085937500000000000e+01
5.550231933593750000e-01 6.952103776711737737e+01 2.812500000000000000e+01
6.535339355468750000e-01 5.310246961016673595e+01 1.626562500000000000e+01
5.270080566406250000e-01 -1.219037596456473693e+02 6.046875000000000000e+01
3.731994628906250000e-01 -1.165567482530605048e+01 2.792968750000000000e+01
5.599365234375000000e-01 7.554133117082528770e+01 5.890625000000000000e+00
5.859375000000000000e-01 6.514917859021807089e+01 2.877343750000000000e+01
5.005187988281250000e-01 -7.052680084598250687e+01 4.881250000000000000e+01
5.520935058593750000e-01 -8.949674520408734679e+01 9.867187500000000000e+00
6.977539062500000000e-01 1.658473020142992027e+02 1.101562500000000000e+00
6.122436523437500000e-01 3.223088424419984221e+00 2.326562500000000000e+01
7.684326171875000000e-01 -2.342484531254740432e+01 4.125000000000000000e+01
6.499023437500000000e-01 -5.303685247781686485e+01 4.055468750000000000e+01
5.621032714843750000e-01 -7.230380069813691080e+01 4.421875000000000000e+00
4.799804687500000000e-01 -1.126716802900773473e+02 6.167968750000000000e+01
5.976867675781250000e-01 -2.033220625889953226e+01 1.455468750000000000e+01
6.428222656250000000e-01 8.391646333620883524e+01 2.078125000000000000e+01
7.788696289062500000e-01 1.469343409553403035e+02 2.286718750000000000e+01
7.168884277343750000e-01 -4.136281113460427150e+01 6.050781250000000000e+01
6.390380859375000000e-01 -6.383714990079170093e+01 4.674218750000000000e+01
