5.634765625000000000e-01 -2.857327854144386947e+00 -3.963281250000000000e+01
5.711364746093750000e-01 9.053751455212477595e+01 -3.668750000000000000e+01
6.075744628906250000e-01 7.295887317013693973e+01 -4.834375000000000000e+01
6.227416992187500000e-01 8.159490407706471160e+01 -4.929687500000000000e+01
6.930847167968750000e-01 -4.063238884555175900e+01 -4.099218750000000000e+01
5.286560058593750000e-01 -7.334362817346118391e+00 -1.983593750000000000e+01
6.383972167968750000e-01 4.158446517976699397e+01 -4.289062500000000000e+01
6.161499023437500000e-01 -9.156227206403855234e+01 -6.465625000000000000e+01
6.203308105468750000e-01 -3.908190938091138378e+01 -2.606250000000000000e+01
5.809936523437500000e-01 5.981394060654565692e+01 -3.521093750000000000e+01
5.845642089843750000e-01 7.833994895918294787e+01 -2.858593750000000000e+01
5.793762207031250000e-01 -2.655170574143994600e+01 -8.140625000000000000e+00
6.595153808593750000e-01 -5.248585694062057883e+00 -3.610937500000000000e+01
5.343627929687500000e-01 7.889910739322658628e+01 -2.820312500000000000e+01
5.778198242187500000e-01 -1.134799640567507595e+01 -4.144531250000000000e+01
5.546875000000000000e-01 9.364255492982920259e+01 -3.160937500000000000e+01
5.999450683593750000e-01 1.106998697650851682e+01 -4.231250000000000000e+01
6.233520507812500000e-01 1.997178296733181924e+01 -2.227343750000000000e+01
5.929260253906250000e-01 1.082462913473136723e+01 -4.661718750000000000e+01
5.515747070312500000e-01 9.243334734492236748e+01 -3.402343750000000000e+01
