-3.310924512334167957e-08
1.049102138495072722e-06
8.454098860966041684e-07
9.454797691432759166e-07
-4.708272172138094902e-07
-8.498682291246950626e-08
4.818593879463151097e-07
-1.060976501321420074e-06
-4.528610588749870658e-07
6.930931704118847847e-07
nan
9.077630238607525826e-07
-3.076675056945532560e-07
-6.081791070755571127e-08
9.142422641161829233e-07
-1.314947439823299646e-07
1.085081748897209764e-06
1.282733137486502528e-07
2.314227458555251360e-07
1.254302333109080791e-07
1.071070073521696031e-06
