6.066275091143324971e-07
-5.125712050357833505e-07
7.034523150650784373e-07
3.201967047061771154e-08
5.066613084636628628e-08
1.703287125565111637e-06
-1.318598151556216180e-06
7.786729838699102402e-07
-4.281901055946946144e-08
-3.541081241564825177e-07
3.936147550120949745e-07
4.447065293788909912e-07
-1.088377757696434855e-06
8.055740181589499116e-07
6.153240974526852369e-07
-1.412558049196377397e-06
-1.350599632132798433e-07
8.753340807743370533e-07
7.549151632701978087e-07
-8.172282832674682140e-07
-1.037042238749563694e-06
1.921753209899179637e-06
3.734749043360352516e-08
-2.714350557653233409e-07
-6.145637598820030689e-07
-8.378192433156073093e-07
-1.305581463384442031e-06
-2.355991455260664225e-07
9.723808034323155880e-07
1.702599547570571303e-06
-4.792909749085083604e-07
-7.397120498353615403e-07
