5.634765625000000000e-01
5.711364746093750000e-01
6.075744628906250000e-01
6.227416992187500000e-01
6.930847167968750000e-01
5.286560058593750000e-01
6.383972167968750000e-01
6.161499023437500000e-01
6.203308105468750000e-01
5.809936523437500000e-01
nan
5.845642089843750000e-01
5.793762207031250000e-01
6.595153808593750000e-01
5.343627929687500000e-01
5.778198242187500000e-01
5.546875000000000000e-01
5.999450683593750000e-01
6.233520507812500000e-01
5.929260253906250000e-01
5.515747070312500000e-01
