-3.963281250000000000e+01
-3.668750000000000000e+01
-4.834375000000000000e+01
-4.929687500000000000e+01
-4.099218750000000000e+01
-1.983593750000000000e+01
-4.289062500000000000e+01
-6.465625000000000000e+01
-2.606250000000000000e+01
-3.521093750000000000e+01
nan
-2.858593750000000000e+01
-8.140625000000000000e+00
-3.610937500000000000e+01
-2.820312500000000000e+01
-4.144531250000000000e+01
-3.160937500000000000e+01
-4.231250000000000000e+01
-2.227343750000000000e+01
-4.661718750000000000e+01
-3.402343750000000000e+01
