5.182189941406250000e-01
6.826171875000000000e-01
7.489929199218750000e-01
7.256469726562500000e-01
5.240173339843750000e-01
8.402709960937500000e-01
8.614807128906250000e-01
6.715087890625000000e-01
7.474060058593750000e-01
7.154846191406250000e-01
7.688903808593750000e-01
6.550903320312500000e-01
7.493591308593750000e-01
5.550231933593750000e-01
6.535339355468750000e-01
5.270080566406250000e-01
3.731994628906250000e-01
5.599365234375000000e-01
5.859375000000000000e-01
5.005187988281250000e-01
5.520935058593750000e-01
6.977539062500000000e-01
6.122436523437500000e-01
7.684326171875000000e-01
6.499023437500000000e-01
5.621032714843750000e-01
4.799804687500000000e-01
5.976867675781250000e-01
6.428222656250000000e-01
7.788696289062500000e-01
7.168884277343750000e-01
6.390380859375000000e-01
