4.276562500000000000e+01
2.652343750000000000e+01
4.490625000000000000e+01
5.781250000000000000e-01
3.338281250000000000e+01
4.007812500000000000e+00
3.458593750000000000e+01
3.597656250000000000e+01
3.050781250000000000e+01
1.703125000000000000e+01
5.317968750000000000e+01
2.530468750000000000e+01
2.085937500000000000e+01
2.812500000000000000e+01
1.626562500000000000e+01
6.046875000000000000e+01
2.792968750000000000e+01
5.890625000000000000e+00
2.877343750000000000e+01
4.881250000000000000e+01
9.867187500000000000e+00
1.101562500000000000e+00
2.326562500000000000e+01
4.125000000000000000e+01
4.055468750000000000e+01
4.421875000000000000e+00
6.167968750000000000e+01
1.455468750000000000e+01
2.078125000000000000e+01
2.286718750000000000e+01
6.050781250000000000e+01
4.674218750000000000e+01
