5.295104980468750000e-01 4.016521997982636094e+01 2.678125000000000000e+01
6.755676269531250000e-01 -1.758740079822018743e+02 3.437500000000000000e+01
7.010192871093750000e-01 -1.112040856241947040e+02 4.979687500000000000e+01
5.061035156250000000e-01 -1.340859413176076487e+02 7.264062500000000000e+01
8.042297363281250000e-01 -2.030504892900353298e+02 3.826562500000000000e+01
4.675598144531250000e-01 -1.850654298323206604e+01 3.474218750000000000e+01
6.275024414062500000e-01 2.649152007506927475e+02 1.703906250000000000e+01
7.561340332031250000e-01 -9.243224849342368543e+01 7.492968750000000000e+01
5.758361816406250000e-01 -5.937502792221494019e+01 5.736718750000000000e+01
5.790405273437500000e-01 1.091335354431066662e+02 5.495312500000000000e+01
7.966918945312500000e-01 -1.720851680147461593e+02 7.952343750000000000e+01
5.739135742187500000e-01 2.189320330217014998e+01 -1.418750000000000000e+01
5.974121093750000000e-01 -7.664018266950733960e+01 4.143750000000000000e+01
5.605468750000000000e-01 5.768562223238404840e+01 9.707812500000000000e+01
6.160583496093750000e-01 8.843776631692890078e+01 5.934375000000000000e+01
5.453796386718750000e-01 -3.117473097518086433e+01 8.904687500000000000e+01
5.445251464843750000e-01 1.504497238784097135e+02 5.864062500000000000e+01
5.899353027343750000e-01 9.942125798261258751e+01 6.858593750000000000e+01
8.404235839843750000e-01 -2.761558236670680344e+02 8.462500000000000000e+01
6.459960937500000000e-01 -3.328829334350302815e+01 4.078125000000000000e+01
6.233520507812500000e-01 1.724669404211454093e+02 2.417187500000000000e+01
4.949951171875000000e-01 2.584005811513634399e+02 5.889062500000000000e+01
7.268371582031250000e-01 -1.918886697239940986e+02 9.078906250000000000e+01
6.307983398437500000e-01 -4.374841773824300617e+01 4.968750000000000000e+00
5.566101074218750000e-01 3.242616585339419544e+01 4.216406250000000000e+01
4.341735839843750000e-01 1.272783993044868112e+02 5.417968750000000000e+01
5.340270996093750000e-01 3.939225643989630044e+01 7.210156250000000000e+01
5.896301269531250000e-01 6.623091940127778798e+01 2.539062500000000000e+01
5.230712890625000000e-01 -1.009248007903806865e+02 5.776562500000000000e+01
4.871215820312500000e-01 2.798668021569028497e+02 1.905468750000000000e+01
4.318847656250000000e-01 2.435284110106294975e+02 6.494531250000000000e+01
7.861633300781250000e-01 -3.188458904332946986e+02 8.636718750000000000e+01
6.147155761718750000e-01 9.527764595986809582e+01 7.717187500000000000e+01
6.831970214843750000e-01 7.099962094798684120e+01 3.357031250000000000e+01
7.029724121093750000e-01 -5.259699792077299207e+01 5.581250000000000000e+01
6.659851074218750000e-01 -5.578492309723515064e+01 5.793750000000000000e+01
8.349609375000000000e-01 -3.767861322558019310e+02 6.201562500000000000e+01
6.861877441406250000e-01 -2.957543110824190080e+01 1.107578125000000000e+02
4.302978515625000000e-01 2.855805159924784675e+02 5.379687500000000000e+01
5.469665527343750000e-01 8.147041990014258772e+01 4.735156250000000000e+01
6.971435546875000000e-01 2.604268633149331436e+02 4.350781250000000000e+01
6.761474609375000000e-01 -1.488837035140022635e+02 3.996875000000000000e+01
5.629882812500000000e-01 1.845492835855111480e+02 3.267187500000000000e+01
5.807495117187500000e-01 -1.451865391572937369e+02 4.385937500000000000e+01
9.111633300781250000e-01 -1.433018518582684919e+02 -1.537500000000000000e+01
7.287902832031250000e-01 -1.629119557037483901e+02 5.942968750000000000e+01
5.079956054687500000e-01 1.297172217164188623e+02 7.992968750000000000e+01
6.994628906250000000e-01 -2.092991868266835809e+02 7.014062500000000000e+01
6.386108398437500000e-01 -1.036913949064910412e+02 8.856250000000000000e+01
7.045288085937500000e-01 2.031540952884824947e+02 6.867187500000000000e+01
