4.490356445312500000e-01 1.189148835692321882e+02 -1.009375000000000000e+01
4.498291015625000000e-01 8.823840325931087136e+01 -3.593750000000000000e+01
2.309875488281250000e-01 1.248770948222954758e+02 1.724218750000000000e+01
2.882080078125000000e-01 2.077551434922497720e+01 -3.742187500000000000e+00
4.057006835937500000e-01 7.709808978688670322e+01 -2.637500000000000000e+01
3.395690917968750000e-01 2.611180409076041542e+02 -4.393750000000000000e+01
5.549316406250000000e-01 -1.377611286443425342e+02 -5.585937500000000000e+00
-1.565551757812500000e-02 3.373849280251306482e+02 -3.781250000000000000e+01
3.803100585937500000e-01 -6.488278559118043631e+01 -9.835937500000000000e+00
3.891296386718750000e-01 3.314049781693029217e+02 -4.924218750000000000e+01
