5.295104980468750000e-01
6.755676269531250000e-01
7.010192871093750000e-01
5.061035156250000000e-01
8.042297363281250000e-01
4.675598144531250000e-01
6.275024414062500000e-01
7.561340332031250000e-01
5.758361816406250000e-01
5.790405273437500000e-01
7.966918945312500000e-01
5.739135742187500000e-01
5.974121093750000000e-01
5.605468750000000000e-01
6.160583496093750000e-01
5.453796386718750000e-01
5.445251464843750000e-01
5.899353027343750000e-01
8.404235839843750000e-01
6.459960937500000000e-01
6.233520507812500000e-01
4.949951171875000000e-01
7.268371582031250000e-01
6.307983398437500000e-01
5.566101074218750000e-01
4.341735839843750000e-01
5.340270996093750000e-01
5.896301269531250000e-01
5.230712890625000000e-01
4.871215820312500000e-01
4.318847656250000000e-01
7.861633300781250000e-01
6.147155761718750000e-01
6.831970214843750000e-01
7.029724121093750000e-01
6.659851074218750000e-01
8.349609375000000000e-01
6.861877441406250000e-01
4.302978515625000000e-01
5.469665527343750000e-01
6.971435546875000000e-01
6.761474609375000000e-01
5.629882812500000000e-01
5.807495117187500000e-01
9.111633300781250000e-01
7.287902832031250000e-01
5.079956054687500000e-01
6.994628906250000000e-01
6.386108398437500000e-01
7.045288085937500000e-01
