4.654139047488570213e-07
-2.037937520071864128e-06
-1.288575731450691819e-06
-1.553718902869150043e-06
-2.352844603592529893e-06
-2.144442987628281116e-07
3.069701051572337747e-06
-1.071057340595871210e-06
-6.880072760395705700e-07
1.264583261217921972e-06
-1.994034391827881336e-06
2.536871761549264193e-07
-8.880670065991580486e-07
6.684313120786100626e-07
1.024771336233243346e-06
-3.612367436289787292e-07
1.743333996273577213e-06
1.152042386820539832e-06
-3.199951606802642345e-06
-3.857276169583201408e-07
1.998458174057304859e-06
2.994212991325184703e-06
-2.223507181042805314e-06
-5.069341568741947412e-07
3.757377271540462971e-07
1.474836608394980431e-06
4.564572009257972240e-07
7.674498192500323057e-07
-1.169464667327702045e-06
3.242952516302466393e-06
2.821881935233250260e-06
-3.694622137118130922e-06
1.104028342524543405e-06
8.227070793509483337e-07
-6.094669515732675791e-07
-6.464069883804768324e-07
-4.366003850009292364e-06
-3.427048795856535435e-07
3.309160092612728477e-06
9.440373105462640524e-07
3.017692506546154618e-06
-1.725187757983803749e-06
2.138462150469422340e-06
-1.682346919551491737e-06
-1.660508132772520185e-06
-1.887739927042275667e-06
1.503096427768468857e-06
-2.425251295790076256e-06
-1.201522536575794220e-06
2.354045136598870158e-06
