2.678125000000000000e+01
3.437500000000000000e+01
4.979687500000000000e+01
7.264062500000000000e+01
3.826562500000000000e+01
3.474218750000000000e+01
1.703906250000000000e+01
7.492968750000000000e+01
5.736718750000000000e+01
5.495312500000000000e+01
7.952343750000000000e+01
-1.418750000000000000e+01
4.143750000000000000e+01
9.707812500000000000e+01
5.934375000000000000e+01
8.904687500000000000e+01
5.864062500000000000e+01
6.858593750000000000e+01
8.462500000000000000e+01
4.078125000000000000e+01
2.417187500000000000e+01
5.889062500000000000e+01
9.078906250000000000e+01
4.968750000000000000e+00
4.216406250000000000e+01
5.417968750000000000e+01
7.210156250000000000e+01
2.539062500000000000e+01
5.776562500000000000e+01
1.905468750000000000e+01
6.494531250000000000e+01
8.636718750000000000e+01
7.717187500000000000e+01
3.357031250000000000e+01
5.581250000000000000e+01
5.793750000000000000e+01
6.201562500000000000e+01
1.107578125000000000e+02
5.379687500000000000e+01
4.735156250000000000e+01
4.350781250000000000e+01
3.996875000000000000e+01
3.267187500000000000e+01
4.385937500000000000e+01
-1.537500000000000000e+01
5.942968750000000000e+01
7.992968750000000000e+01
7.014062500000000000e+01
8.856250000000000000e+01
6.867187500000000000e+01
