9.503479003906250000e-01 1.070862181222764775e+02 -3.743750000000000000e+01
9.470520019531250000e-01 2.103507877109223045e+02 -4.645312500000000000e+01
8.171081542968750000e-01 3.462587817921303213e+02 -5.096093750000000000e+01
7.719116210937500000e-01 2.793153356833499856e+02 -1.082031250000000000e+01
7.717285156250000000e-01 2.121244910085806623e+02 -3.821093750000000000e+01
8.446350097656250000e-01 1.863427662101457827e+02 1.753906250000000000e+01
8.578796386718750000e-01 2.285983156980364583e+02 -1.320312500000000000e+01
8.297729492187500000e-01 3.359625432494794950e+02 -2.151562500000000000e+01
8.828735351562500000e-01 2.281735311044030823e+02 -6.412500000000000000e+01
8.107910156250000000e-01 3.799115798756247386e+02 -5.266406250000000000e+01
9.089050292968750000e-01 1.153740700829075649e+02 -4.380468750000000000e+01
8.213195800781250000e-01 1.830747818530653603e+02 -1.046093750000000000e+01
7.885437011718750000e-01 2.960257274025934748e+02 -7.021875000000000000e+01
1.005828857421875000e+00 1.789777925296220928e+02 -6.360156250000000000e+01
9.664001464843750000e-01 2.160232161259045824e+02 -1.179062500000000000e+02
8.750305175781250000e-01 2.195026509070885368e+02 -1.713281250000000000e+01
8.999328613281250000e-01 2.723506579059176147e+02 -6.796875000000000000e+01
7.624816894531250000e-01 2.358369214562117122e+02 -2.375781250000000000e+01
7.847900390625000000e-01 1.708676405542064458e+02 -5.825781250000000000e+01
7.616882324218750000e-01 4.560510002193041146e+02 -3.448437500000000000e+01
