8.828125000000000000e-01 -8.657913749630097300e+01 -3.209375000000000000e+01
9.742736816406250000e-01 -7.645840123586822301e+01 -3.187500000000000000e+00
9.418945312500000000e-01 8.404973832512041554e+01 4.492187500000000000e+00
8.494262695312500000e-01 -1.848032752604922280e+01 -1.148437500000000000e+00
7.281494140625000000e-01 1.763890553775127046e+02 2.714062500000000000e+01
1.172302246093750000e+00 6.084654705773573369e+00 2.408593750000000000e+01
1.080718994140625000e+00 -9.198266125167720020e+01 1.792187500000000000e+01
6.388854980468750000e-01 -3.674606505228439346e+01 2.207031250000000000e+01
6.967163085937500000e-01 1.450380372261861339e+02 -4.070312500000000000e+00
9.020690917968750000e-01 -8.062901360972318798e+01 3.921875000000000000e+00
9.958190917968750000e-01 5.986024934827582911e+01 2.103906250000000000e+01
1.067871093750000000e+00 -1.589441599207930267e+01 -3.093750000000000000e+00
8.498229980468750000e-01 1.078400302503723651e+02 2.049218750000000000e+01
8.468322753906250000e-01 -1.711613478619256057e+02 1.625781250000000000e+01
7.761230468750000000e-01 -1.054112544807139784e+01 -7.968750000000000000e-01
1.129150390625000000e+00 1.534420534881064668e+01 8.828125000000000000e+00
9.157714843750000000e-01 -7.438910688506439328e+01 1.248437500000000000e+01
9.249572753906250000e-01 -1.346719431239762343e+02 2.690625000000000000e+01
8.178710937500000000e-01 1.995608508877921849e+01 -2.114843750000000000e+01
8.241271972656250000e-01 7.835187934688292444e+01 2.007812500000000000e+01
1.010925292968750000e+00 4.186812584521248937e+01 -5.328125000000000000e+00
1.006439208984375000e+00 3.973290040448773652e+01 3.864843750000000000e+01
9.332885742187500000e-01 1.018619641399709508e+02 1.949218750000000000e+01
9.354858398437500000e-01 -1.090668194592581131e+02 -6.601562500000000000e+00
9.649047851562500000e-01 -5.743210149375954643e+01 2.360156250000000000e+01
9.075622558593750000e-01 2.681604231838718988e+02 -2.514843750000000000e+01
1.288024902343750000e+00 3.794648182520177215e+01 1.021875000000000000e+01
8.480529785156250000e-01 6.698787110508419573e+01 -5.335937500000000000e+00
9.983520507812500000e-01 1.257180301763582975e+01 2.531250000000000000e+01
8.329162597656250000e-01 2.269238229928305373e+01 1.153125000000000000e+01
1.153533935546875000e+00 -3.032202221220359206e+00 -2.304687500000000000e+01
7.624206542968750000e-01 3.481789462966844440e+00 -3.522656250000000000e+01
9.541625976562500000e-01 4.007589905086206272e+01 2.750000000000000000e+00
1.008697509765625000e+00 1.463260481614270248e+02 -1.966406250000000000e+01
1.146179199218750000e+00 2.776408429781440645e+02 2.050781250000000000e+01
8.457031250000000000e-01 1.544853344967123121e+02 3.394531250000000000e+01
8.987731933593750000e-01 -1.029017916152952239e+02 2.069531250000000000e+01
9.850769042968750000e-01 -5.573798644036287442e+01 2.868750000000000000e+01
1.106445312500000000e+00 9.691666145954513922e+01 1.155468750000000000e+01
8.680114746093750000e-01 9.035808780026854947e+01 2.634375000000000000e+01
9.692077636718750000e-01 2.543629298088490032e+02 -9.210937500000000000e+00
1.139312744140625000e+00 1.824715123802889138e+02 2.094531250000000000e+01
8.695373535156250000e-01 1.866477759904228151e+02 1.605468750000000000e+01
8.538818359375000000e-01 -2.004036699872813188e+02 7.453125000000000000e+00
1.071105957031250000e+00 1.045025042913039215e+02 -3.578125000000000000e+00
1.077850341796875000e+00 2.497532477718777955e+01 5.679687500000000000e+00
