1.240860001416876912e-06
2.437436705804429948e-06
4.012268618680536747e-06
3.236562406527809799e-06
2.457989467075094581e-06
2.159244104404933751e-06
2.648879672051407397e-06
3.892961103701964021e-06
2.643957486725412309e-06
4.402219929033890367e-06
1.336895365966483951e-06
2.121376383001916111e-06
3.430193828535266221e-06
2.073902578558772802e-06
2.503165887901559472e-06
2.543483788031153381e-06
3.155859303660690784e-06
2.732756911427713931e-06
1.979926310013979673e-06
5.284484359435737133e-06
