-1.003234501695260406e-06
-8.859606168698519468e-07
9.739251254359260201e-07
-2.141405275324359536e-07
2.043905624304898083e-06
7.050584827084094286e-08
-1.065847754944115877e-06
-4.257944965502247214e-07
1.680626155575737357e-06
-9.342875273432582617e-07
6.936297722859308124e-07
-1.841763150878250599e-07
1.249594788532704115e-06
-1.983329639188013971e-06
-1.221451384481042624e-07
1.778007572283968329e-07
-8.619826985523104668e-07
-1.560509190312586725e-06
2.312408469151705503e-07
9.079012670554220676e-07
4.851463017985224724e-07
4.604044079314917326e-07
1.180324034066870809e-06
-1.263810190721414983e-06
-6.654936441918835044e-07
3.107305019511841238e-06
4.397043085191398859e-07
7.762209861539304256e-07
1.456755853723734617e-07
2.629476512083783746e-07
-3.513559931889176369e-08
4.034518497064709663e-08
4.643788997782394290e-07
1.695550963631831110e-06
3.217159246560186148e-06
1.790096575859934092e-06
-1.192373019875958562e-06
-6.458631105488166213e-07
1.123020410886965692e-06
1.047023033606819808e-06
2.947426764876581728e-06
2.114386006724089384e-06
2.162778400816023350e-06
-2.322174623259343207e-06
1.210921254823915660e-06
2.894012141041457653e-07
