8.828125000000000000e-01
9.742736816406250000e-01
9.418945312500000000e-01
8.494262695312500000e-01
7.281494140625000000e-01
1.172302246093750000e+00
1.080718994140625000e+00
6.388854980468750000e-01
6.967163085937500000e-01
9.020690917968750000e-01
9.958190917968750000e-01
1.067871093750000000e+00
8.498229980468750000e-01
8.468322753906250000e-01
7.761230468750000000e-01
1.129150390625000000e+00
9.157714843750000000e-01
9.249572753906250000e-01
8.178710937500000000e-01
8.241271972656250000e-01
1.010925292968750000e+00
1.006439208984375000e+00
9.332885742187500000e-01
9.354858398437500000e-01
9.649047851562500000e-01
9.075622558593750000e-01
1.288024902343750000e+00
8.480529785156250000e-01
9.983520507812500000e-01
8.329162597656250000e-01
1.153533935546875000e+00
7.624206542968750000e-01
9.541625976562500000e-01
1.008697509765625000e+00
1.146179199218750000e+00
8.457031250000000000e-01
8.987731933593750000e-01
9.850769042968750000e-01
1.106445312500000000e+00
8.680114746093750000e-01
9.692077636718750000e-01
1.139312744140625000e+00
8.695373535156250000e-01
8.538818359375000000e-01
1.071105957031250000e+00
1.077850341796875000e+00
