9.503479003906250000e-01
9.470520019531250000e-01
8.171081542968750000e-01
7.719116210937500000e-01
7.717285156250000000e-01
8.446350097656250000e-01
8.578796386718750000e-01
8.297729492187500000e-01
8.828735351562500000e-01
8.107910156250000000e-01
9.089050292968750000e-01
8.213195800781250000e-01
7.885437011718750000e-01
1.005828857421875000e+00
9.664001464843750000e-01
8.750305175781250000e-01
8.999328613281250000e-01
7.624816894531250000e-01
7.847900390625000000e-01
7.616882324218750000e-01
