-3.209375000000000000e+01
-3.187500000000000000e+00
4.492187500000000000e+00
-1.148437500000000000e+00
2.714062500000000000e+01
2.408593750000000000e+01
1.792187500000000000e+01
2.207031250000000000e+01
-4.070312500000000000e+00
3.921875000000000000e+00
2.103906250000000000e+01
-3.093750000000000000e+00
2.049218750000000000e+01
1.625781250000000000e+01
-7.968750000000000000e-01
8.828125000000000000e+00
1.248437500000000000e+01
2.690625000000000000e+01
-2.114843750000000000e+01
2.007812500000000000e+01
-5.328125000000000000e+00
3.864843750000000000e+01
1.949218750000000000e+01
-6.601562500000000000e+00
2.360156250000000000e+01
-2.514843750000000000e+01
1.021875000000000000e+01
-5.335937500000000000e+00
2.531250000000000000e+01
1.153125000000000000e+01
-2.304687500000000000e+01
-3.522656250000000000e+01
2.750000000000000000e+00
-1.966406250000000000e+01
2.050781250000000000e+01
3.394531250000000000e+01
2.069531250000000000e+01
2.868750000000000000e+01
1.155468750000000000e+01
2.634375000000000000e+01
-9.210937500000000000e+00
2.094531250000000000e+01
1.605468750000000000e+01
7.453125000000000000e+00
-3.578125000000000000e+00
5.679687500000000000e+00
