-3.743750000000000000e+01
-4.645312500000000000e+01
-5.096093750000000000e+01
-1.082031250000000000e+01
-3.821093750000000000e+01
1.753906250000000000e+01
-1.320312500000000000e+01
-2.151562500000000000e+01
-6.412500000000000000e+01
-5.266406250000000000e+01
-4.380468750000000000e+01
-1.046093750000000000e+01
-7.021875000000000000e+01
-6.360156250000000000e+01
-1.179062500000000000e+02
-1.713281250000000000e+01
-6.796875000000000000e+01
-2.375781250000000000e+01
-5.825781250000000000e+01
-3.448437500000000000e+01
